juries
18
StudentID SupervisorID Examiner1ID Examiner2ID PresidentID SecretaryID AdditionalMemberID Slot Room
0 103 0 0 0 0 0 0 0
1 147 0 0 0 0 0 0 0
2 103 0 0 0 0 0 0 0
3 103 0 0 0 0 0 0 0
4 103 0 0 0 0 0 0 0
5 103 0 0 0 0 0 0 0
6 103 0 0 0 0 0 0 0
7 81 0 0 0 0 0 0 0
8 81 0 0 0 0 0 0 0
9 81 0 0 0 0 0 0 0
10 138 0 0 0 0 0 0 0
11 138 0 0 0 0 0 0 0
12 137 0 0 0 0 0 0 0
13 100 0 0 0 0 0 0 0
14 100 0 0 0 0 0 0 0
15 100 0 0 0 0 0 0 0
16 60 0 0 0 0 0 0 0
17 139 0 0 0 0 0 0 0
internal professors
15
103 81 137 100 144 57 147 138 67 112 60 139 156 158 132 
external professors
11
159 148 124 143 136 142 145 149 160 178 133 
subject match between professors and student
0 103 3
0 81 2
0 137 1
0 100 1
0 144 2
0 57 2
0 147 1
0 138 2
0 67 2
0 112 4
0 60 2
0 139 2
0 156 1
0 158 9
0 132 9
0 159 4
0 148 4
0 124 9
0 143 9
0 136 3
0 142 2
0 145 9
0 149 2
0 160 2
0 178 9
0 133 3
1 103 3
1 81 2
1 137 0
1 100 0
1 144 1
1 57 2
1 147 0
1 138 2
1 67 0
1 112 9
1 60 0
1 139 1
1 156 0
1 158 9
1 132 9
1 159 9
1 148 4
1 124 9
1 143 4
1 136 3
1 142 1
1 145 4
1 149 0
1 160 2
1 178 9
1 133 3
2 103 0
2 81 1
2 137 2
2 100 9
2 144 0
2 57 4
2 147 5
2 138 5
2 67 2
2 112 1
2 60 4
2 139 9
2 156 3
2 158 0
2 132 0
2 159 1
2 148 1
2 124 0
2 143 1
2 136 3
2 142 0
2 145 1
2 149 2
2 160 1
2 178 0
2 133 1
3 103 1
3 81 1
3 137 0
3 100 0
3 144 1
3 57 2
3 147 0
3 138 2
3 67 0
3 112 2
3 60 0
3 139 1
3 156 0
3 158 9
3 132 9
3 159 1
3 148 2
3 124 9
3 143 9
3 136 3
3 142 1
3 145 9
3 149 0
3 160 1
3 178 9
3 133 2
4 103 1
4 81 1
4 137 1
4 100 9
4 144 1
4 57 0
4 147 2
4 138 0
4 67 2
4 112 1
4 60 3
4 139 9
4 156 3
4 158 1
4 132 1
4 159 1
4 148 1
4 124 1
4 143 1
4 136 3
4 142 1
4 145 1
4 149 2
4 160 1
4 178 1
4 133 0
5 103 0
5 81 0
5 137 1
5 100 4
5 144 4
5 57 4
5 147 4
5 138 4
5 67 2
5 112 2
5 60 4
5 139 4
5 156 4
5 158 9
5 132 9
5 159 0
5 148 2
5 124 9
5 143 4
5 136 3
5 142 1
5 145 4
5 149 4
5 160 0
5 178 9
5 133 2
6 103 3
6 81 2
6 137 0
6 100 0
6 144 1
6 57 2
6 147 0
6 138 2
6 67 0
6 112 5
6 60 0
6 139 1
6 156 0
6 158 9
6 132 9
6 159 5
6 148 4
6 124 9
6 143 4
6 136 3
6 142 1
6 145 4
6 149 0
6 160 2
6 178 9
6 133 3
7 103 0
7 81 0
7 137 1
7 100 3
7 144 3
7 57 3
7 147 3
7 138 3
7 67 2
7 112 2
7 60 3
7 139 3
7 156 3
7 158 9
7 132 9
7 159 0
7 148 2
7 124 9
7 143 5
7 136 3
7 142 1
7 145 5
7 149 3
7 160 0
7 178 9
7 133 2
8 103 0
8 81 0
8 137 1
8 100 3
8 144 3
8 57 3
8 147 3
8 138 3
8 67 2
8 112 2
8 60 3
8 139 3
8 156 3
8 158 9
8 132 9
8 159 0
8 148 2
8 124 9
8 143 9
8 136 3
8 142 1
8 145 9
8 149 3
8 160 0
8 178 9
8 133 2
9 103 0
9 81 0
9 137 0
9 100 0
9 144 1
9 57 1
9 147 0
9 138 2
9 67 0
9 112 2
9 60 0
9 139 1
9 156 0
9 158 9
9 132 9
9 159 0
9 148 1
9 124 9
9 143 1
9 136 2
9 142 1
9 145 2
9 149 0
9 160 0
9 178 9
9 133 2
10 103 5
10 81 9
10 137 9
10 100 9
10 144 9
10 57 0
10 147 2
10 138 0
10 67 5
10 112 9
10 60 5
10 139 9
10 156 5
10 158 9
10 132 9
10 159 9
10 148 5
10 124 9
10 143 5
10 136 5
10 142 9
10 145 5
10 149 9
10 160 9
10 178 9
10 133 0
11 103 0
11 81 0
11 137 1
11 100 9
11 144 0
11 57 3
11 147 5
11 138 5
11 67 2
11 112 1
11 60 3
11 139 9
11 156 3
11 158 0
11 132 0
11 159 0
11 148 1
11 124 0
11 143 1
11 136 3
11 142 0
11 145 1
11 149 2
11 160 0
11 178 0
11 133 1
12 103 3
12 81 2
12 137 0
12 100 0
12 144 1
12 57 2
12 147 0
12 138 2
12 67 0
12 112 4
12 60 0
12 139 1
12 156 0
12 158 9
12 132 9
12 159 4
12 148 4
12 124 9
12 143 9
12 136 3
12 142 1
12 145 9
12 149 0
12 160 2
12 178 9
12 133 3
13 103 3
13 81 2
13 137 1
13 100 1
13 144 1
13 57 2
13 147 1
13 138 2
13 67 1
13 112 4
13 60 1
13 139 1
13 156 1
13 158 9
13 132 9
13 159 4
13 148 4
13 124 9
13 143 9
13 136 3
13 142 1
13 145 9
13 149 1
13 160 2
13 178 9
13 133 3
14 103 3
14 81 2
14 137 0
14 100 0
14 144 1
14 57 2
14 147 0
14 138 2
14 67 0
14 112 3
14 60 0
14 139 1
14 156 0
14 158 9
14 132 9
14 159 3
14 148 3
14 124 9
14 143 9
14 136 3
14 142 1
14 145 9
14 149 0
14 160 2
14 178 9
14 133 3
15 103 2
15 81 2
15 137 1
15 100 1
15 144 1
15 57 2
15 147 1
15 138 2
15 67 1
15 112 2
15 60 1
15 139 1
15 156 1
15 158 9
15 132 9
15 159 2
15 148 2
15 124 9
15 143 3
15 136 3
15 142 1
15 145 3
15 149 1
15 160 2
15 178 9
15 133 2
16 103 0
16 81 1
16 137 0
16 100 0
16 144 0
16 57 2
16 147 0
16 138 2
16 67 0
16 112 1
16 60 0
16 139 1
16 156 0
16 158 0
16 132 0
16 159 1
16 148 1
16 124 0
16 143 1
16 136 3
16 142 0
16 145 1
16 149 0
16 160 1
16 178 0
16 133 1
17 103 3
17 81 2
17 137 1
17 100 1
17 144 1
17 57 2
17 147 1
17 138 2
17 67 1
17 112 3
17 60 1
17 139 0
17 156 1
17 158 9
17 132 9
17 159 3
17 148 3
17 124 9
17 143 9
17 136 3
17 142 1
17 145 0
17 149 1
17 160 2
17 178 9
17 133 3
18 103 3
18 81 2
18 137 0
18 100 0
18 144 1
18 57 2
18 147 0
18 138 2
18 67 0
18 112 4
18 60 0
18 139 1
18 156 0
18 158 9
18 132 9
18 159 4
18 148 4
18 124 9
18 143 9
18 136 3
18 142 1
18 145 9
18 149 0
18 160 2
18 178 9
18 133 3
number of slots & number of rooms
4 5